# AUC: 1.0395386880639168
0.000000	0.000000	0.000000
1.000000	0.311254	0.311254
2.000000	0.207503	0.293453
3.000000	0.250456	0.264804
4.000000	0.333436	0.289206
5.000000	0.407643	0.311822
6.000000	0.403133	0.288903
7.000000	0.352742	0.301342
8.000000	0.390660	0.303677
9.000000	0.400480	0.289596
10.000000	0.416265	0.271045
11.000000	0.416265	0.271045
12.000000	0.482898	0.240731
13.000000	0.566540	0.200335
14.000000	0.632967	0.159843
15.000000	0.671342	0.138156
16.000000	0.711676	0.100853
17.000000	0.711676	0.100853
18.000000	0.719085	0.085813
19.000000	0.719085	0.085813
20.000000	0.719085	0.085813
21.000000	0.719085	0.085813
22.000000	0.720724	0.082923
23.000000	0.720724	0.082923
24.000000	0.720724	0.082923
25.000000	0.743877	0.071789
26.000000	0.743877	0.071789
27.000000	0.743877	0.071789
28.000000	0.744248	0.071166
29.000000	0.747220	0.066654
30.000000	0.747220	0.066654
31.000000	0.747220	0.066654
32.000000	0.780441	0.091164
33.000000	0.786607	0.085052
34.000000	0.786607	0.085052
35.000000	0.823634	0.103277
36.000000	0.823634	0.103277
37.000000	0.823634	0.103277
38.000000	0.823634	0.103277
39.000000	0.823634	0.103277
40.000000	0.823634	0.103277
41.000000	0.823634	0.103277
42.000000	0.823634	0.103277
43.000000	0.823634	0.103277
44.000000	0.823634	0.103277
45.000000	0.823634	0.103277
46.000000	0.823634	0.103277
47.000000	0.823634	0.103277
48.000000	0.823634	0.103277
49.000000	0.823634	0.103277
50.000000	0.825935	0.100585
51.000000	0.825935	0.100585
52.000000	0.825935	0.100585
53.000000	0.825935	0.100585
54.000000	0.839857	0.093963
55.000000	0.839857	0.093963
56.000000	0.839957	0.093843
57.000000	0.839957	0.093843
58.000000	0.839957	0.093843
59.000000	0.839957	0.093843
60.000000	0.839957	0.093843
61.000000	0.844605	0.089221
62.000000	0.877024	0.109186
63.000000	0.877024	0.109186
64.000000	0.877024	0.109186
65.000000	0.877024	0.109186
66.000000	0.877024	0.109186
67.000000	0.877024	0.109186
68.000000	0.877024	0.109186
69.000000	0.877024	0.109186
70.000000	0.877024	0.109186
71.000000	0.877024	0.109186
72.000000	0.899260	0.108685
73.000000	0.899260	0.108685
74.000000	0.902705	0.105301
75.000000	0.921621	0.098829
76.000000	0.921621	0.098829
77.000000	0.936812	0.092082
78.000000	0.936812	0.092082
79.000000	0.965729	0.094082
80.000000	0.982631	0.081042
81.000000	0.982631	0.081042
82.000000	1.004536	0.066939
83.000000	1.004536	0.066939
84.000000	1.030512	0.053378
85.000000	1.030512	0.053378
86.000000	1.030512	0.053378
87.000000	1.043371	0.050944
88.000000	1.043371	0.050944
89.000000	1.043371	0.050944
90.000000	1.052919	0.045270
91.000000	1.056766	0.041040
92.000000	1.062724	0.034952
93.000000	1.062724	0.034952
94.000000	1.077511	0.035242
95.000000	1.079907	0.032400
96.000000	1.080026	0.032242
97.000000	1.080026	0.032242
98.000000	1.080026	0.032242
99.000000	1.092880	0.037959
100.000000	1.092880	0.037959
101.000000	1.092880	0.037959
102.000000	1.092880	0.037959
103.000000	1.092880	0.037959
104.000000	1.092880	0.037959
105.000000	1.092880	0.037959
106.000000	1.092880	0.037959
107.000000	1.092880	0.037959
108.000000	1.095845	0.035626
109.000000	1.095845	0.035626
110.000000	1.095845	0.035626
111.000000	1.097781	0.033589
112.000000	1.097781	0.033589
113.000000	1.097781	0.033589
114.000000	1.102340	0.030488
115.000000	1.110572	0.031024
116.000000	1.129919	0.052573
117.000000	1.129919	0.052573
118.000000	1.129919	0.052573
119.000000	1.137916	0.050448
120.000000	1.137916	0.050448
121.000000	1.137916	0.050448
122.000000	1.137916	0.050448
123.000000	1.137916	0.050448
124.000000	1.137916	0.050448
125.000000	1.137916	0.050448
126.000000	1.137916	0.050448
127.000000	1.139647	0.048841
128.000000	1.139647	0.048841
129.000000	1.139647	0.048841
130.000000	1.139647	0.048841
131.000000	1.139647	0.048841
132.000000	1.139647	0.048841
133.000000	1.139647	0.048841
134.000000	1.139647	0.048841
135.000000	1.139647	0.048841
136.000000	1.143385	0.046370
137.000000	1.143385	0.046370
138.000000	1.143385	0.046370
139.000000	1.146207	0.044531
140.000000	1.152103	0.042028
141.000000	1.160799	0.039757
142.000000	1.160799	0.039757
143.000000	1.160799	0.039757
144.000000	1.160799	0.039757
145.000000	1.160799	0.039757
146.000000	1.169913	0.038881
147.000000	1.169913	0.038881
148.000000	1.169913	0.038881
149.000000	1.169913	0.038881
150.000000	1.173836	0.036431
151.000000	1.173836	0.036431
152.000000	1.173836	0.036431
153.000000	1.173836	0.036431
154.000000	1.173836	0.036431
155.000000	1.173836	0.036431
156.000000	1.173836	0.036431
157.000000	1.173921	0.036328
158.000000	1.173921	0.036328
159.000000	1.180141	0.033513
160.000000	1.180141	0.033513
161.000000	1.180141	0.033513
162.000000	1.180141	0.033513
163.000000	1.180141	0.033513
164.000000	1.180141	0.033513
165.000000	1.180141	0.033513
166.000000	1.180141	0.033513
167.000000	1.180141	0.033513
168.000000	1.180141	0.033513
169.000000	1.180141	0.033513
170.000000	1.180141	0.033513
171.000000	1.184695	0.031422
172.000000	1.184695	0.031422
173.000000	1.184695	0.031422
174.000000	1.191453	0.030402
175.000000	1.192393	0.029556
176.000000	1.192393	0.029556
177.000000	1.206091	0.041014
178.000000	1.209708	0.038888
179.000000	1.209708	0.038888
180.000000	1.216373	0.036821
181.000000	1.216373	0.036821
182.000000	1.224464	0.034471
183.000000	1.224464	0.034471
184.000000	1.225841	0.033292
185.000000	1.225841	0.033292
186.000000	1.225841	0.033292
187.000000	1.232919	0.032493
188.000000	1.232919	0.032493
189.000000	1.232919	0.032493
190.000000	1.232919	0.032493
191.000000	1.232919	0.032493
192.000000	1.239036	0.029932
193.000000	1.239217	0.029716
194.000000	1.239217	0.029716
195.000000	1.239217	0.029716
196.000000	1.239217	0.029716
197.000000	1.239217	0.029716
198.000000	1.239217	0.029716
199.000000	1.239217	0.029716
200.000000	1.239217	0.029716
201.000000	1.239217	0.029716
202.000000	1.239217	0.029716
203.000000	1.239217	0.029716
204.000000	1.239217	0.029716
205.000000	1.239217	0.029716
206.000000	1.239353	0.029552
207.000000	1.239353	0.029552
208.000000	1.239353	0.029552
209.000000	1.244078	0.027260
210.000000	1.246300	0.024721
211.000000	1.246300	0.024721
212.000000	1.248513	0.021953
213.000000	1.248513	0.021953
214.000000	1.248513	0.021953
215.000000	1.248513	0.021953
216.000000	1.248513	0.021953
217.000000	1.249485	0.020726
218.000000	1.249485	0.020726
219.000000	1.249485	0.020726
220.000000	1.249485	0.020726
221.000000	1.249485	0.020726
222.000000	1.255197	0.021491
223.000000	1.255197	0.021491
224.000000	1.257536	0.019464
225.000000	1.257536	0.019464
226.000000	1.259531	0.017376
227.000000	1.259531	0.017376
228.000000	1.259531	0.017376
229.000000	1.259531	0.017376
230.000000	1.259531	0.017376
231.000000	1.259531	0.017376
232.000000	1.259531	0.017376
233.000000	1.259531	0.017376
234.000000	1.259531	0.017376
235.000000	1.259531	0.017376
236.000000	1.259531	0.017376
237.000000	1.259531	0.017376
238.000000	1.259531	0.017376
239.000000	1.259531	0.017376
240.000000	1.259531	0.017376
241.000000	1.259531	0.017376
242.000000	1.259531	0.017376
243.000000	1.263107	0.015456
244.000000	1.263107	0.015456
245.000000	1.263107	0.015456
246.000000	1.267620	0.017230
247.000000	1.267620	0.017230
248.000000	1.267620	0.017230
249.000000	1.270306	0.016395
250.000000	1.288897	0.051416
251.000000	1.288897	0.051416
252.000000	1.288897	0.051416
253.000000	1.288897	0.051416
254.000000	1.288897	0.051416
255.000000	1.288897	0.051416
